## 视觉变换矩阵

一个4x4的变换矩阵，它在3D图形和计算机视觉中用于描述物体的旋转和平移。这种矩阵通常用于将物体从一个坐标系转换到另一个坐标系。

### 4x4 变换矩阵的结构

4x4变换矩阵的结构如下：

\[
\begin{bmatrix}
R_{11} & R_{12} & R_{13} & T_x \\
R_{21} & R_{22} & R_{23} & T_y \\
R_{31} & R_{32} & R_{33} & T_z \\
0 & 0 & 0 & 1 \\
\end{bmatrix}
\]

- \(R_{ij}\) 代表旋转矩阵的分量，描述物体在3D空间中的旋转。
- \(T_x, T_y, T_z\) 是平移向量，代表物体在空间中的位移。
- 最后一行通常是 \( [0, 0, 0, 1] \)，它是为了解决齐次坐标的数学问题，不涉及实际旋转或平移。

### 提取矩阵中的信息

从你给出的数据：

\[
\begin{bmatrix}
-7.0199738560322511e-01 & -7.1217830026694084e-01 & -1.3188006409547981e-03 & 6.0013385309771067e+01 \\
7.1217933790406895e-01 & -7.0199733024662514e-01 & -5.8222773763927371e-04 & 5.9189945978195468e+01 \\
-5.1114456852596746e-04 & -1.3479449169615521e-03 & 9.9999896088731788e-01 & 4.8838314046951560e+01 \\
0 & 0 & 0 & 1 \\
\end{bmatrix}
\]

#### 旋转矩阵部分：

旋转矩阵由前三行前三列组成：
\[
\begin{bmatrix}
-7.0199738560322511e-01 & -7.1217830026694084e-01 & -1.3188006409547981e-03 \\
7.1217933790406895e-01 & -7.0199733024662514e-01 & -5.8222773763927371e-04 \\
-5.1114456852596746e-04 & -1.3479449169615521e-03 & 9.9999896088731788e-01 \\
\end{bmatrix}
\]

这个 3x3 矩阵表示了物体的旋转。通过观察这部分数据，可以看到它定义了绕不同轴的旋转分量。

#### 平移向量部分：

平移向量是矩阵中的最后一列前三行：
\[
\begin{bmatrix}
6.0013385309771067e+01 \\
5.9189945978195468e+01 \\
4.8838314046951560e+01 \\
\end{bmatrix}
\]

这代表物体沿X、Y、Z轴的平移，分别是：

- X轴方向：\( T_x = 60.013385309771067 \)
- Y轴方向：\( T_y = 59.189945978195468 \)
- Z轴方向：\( T_z = 48.838314046951560 \)

### 矩阵解释

- **旋转部分**：前三行前三列描述的是物体的旋转，可以通过计算旋转矩阵的特征值和特征向量来进一步分析旋转方向。通过观察这个旋转矩阵的形式，它可能是一个复杂的组合旋转，包含了绕多个轴的旋转。
- **平移部分**：最后一列中的前三个元素明确表示了物体在X、Y、Z方向上的偏移。

### 总结

这组数代表了一个3D变换矩阵，其中包含了旋转和平移的组合。旋转部分通过3x3旋转矩阵表示，而平移部分通过X、Y、Z的偏移表示。这个矩阵可以应用于3D计算中，用于描述物体在三维空间中的位置和姿态。
重新分析并正确计算旋转角度和平移向量。
### 4x4 变换矩阵

给定的矩阵是：

\[
\begin{bmatrix}
-0.70200 & -0.71218 & -0.00132 & 60.01339 \\
0.71218 & -0.70200 & -0.00058 & 59.18995 \\
-0.00051 & -0.00135 & 1.00000 & 48.83883 \\
0 & 0 & 0 & 1 \\
\end{bmatrix}
\]

### 提取旋转矩阵和平移向量

从矩阵中，我们可以提取出旋转矩阵 \( R \) 和平移向量 \( T \)：

#### 旋转矩阵 \( R \)：

\[
R = \begin{bmatrix}
-0.70200 & -0.71218 & -0.00132 \\
0.71218 & -0.70200 & -0.00058 \\
-0.00051 & -0.00135 & 1.00000 \\
\end{bmatrix}
\]

#### 平移向量 \( T \)：

\[
T = \begin{bmatrix}
60.01339 \\
59.18995 \\
48.83883 \\
\end{bmatrix}
\]

### 分析旋转矩阵

旋转矩阵 \( R \) 是一个正交矩阵，其行列式为1，表示一个合法的3D旋转。旋转矩阵的每一列代表旋转后坐标系的基向量。

为了提取旋转角，我们可以使用欧拉角（Euler angles）或四元数（Quaternions）。这里我们使用欧拉角进行分析。

假设旋转顺序为Z-Y-X（yaw-pitch-roll），旋转矩阵 \( R \) 与欧拉角 \( \alpha, \beta, \gamma \) 之间的关系可以表示为：

\[
R = R_z(\alpha) \cdot R_y(\beta) \cdot R_x(\gamma)
\]

其中 \( R_z, R_y, R_x \) 分别是绕Z轴、Y轴和X轴的旋转矩阵。


#### 计算欧拉角

我们可以通过以下公式计算欧拉角：

\[
\beta = \arcsin(-R_{31})
\] \[
\alpha = \arctan2(R_{32}, R_{33})
\] \[
\gamma = \arctan2(R_{21}, R_{11})
\]

代入旋转矩阵的值：

\[
\beta = \arcsin(-0.00051) \approx 0.00051 \text{ rad} \approx 0.0294^\circ
\] \[
\alpha = \arctan2(-0.00132, -0.70200) \approx -0.00073 \text{ rad} \approx -0.0418^\circ
\] \[
\gamma = \arctan2(0.71218, -0.70200) \approx 0.78540 \text{ rad} \approx 45.0000^\circ
\]

### 分析平移向量

平移向量 \( T \) 直接给出了物体在三维空间中的位移：

\[
T_x = 60.01339 \text{ mm}
\] \[
T_y = 59.18995 \text{ mm}
\] \[
T_z = 48.83883 \text{ mm}
\]

### 总结

- **旋转部分**：旋转矩阵 \( R \) 表示物体绕Z轴旋转了约 \( 0.0294^\circ \)，绕Y轴旋转了约 \( -0.0418^\circ \)，绕X轴旋转了约 \( 45.0^\circ \)。
- **平移部分**：平移向量 \( T \) 表示物体沿X轴移动了 \( 60.01339 \) 毫米，沿Y轴移动了 \( 59.18995 \) 毫米，沿Z轴移动了 \( 48.83883 \) 毫米。

这个矩阵可以应用于3D计算中，用于描述物体在三维空间中的位置和姿态。
